.gdkVoidSymbol <- 16777215
.gdkBackSpace <- 65288
.gdkTab <- 65289
.gdkLinefeed <- 65290
.gdkClear <- 65291
.gdkReturn <- 65293
.gdkPause <- 65299
.gdkScrollLock <- 65300
.gdkSysReq <- 65301
.gdkEscape <- 65307
.gdkDelete <- 65535
.gdkMultiKey <- 65312
.gdkCodeinput <- 65335
.gdkSingleCandidate <- 65340
.gdkMultipleCandidate <- 65341
.gdkPreviousCandidate <- 65342
.gdkKanji <- 65313
.gdkMuhenkan <- 65314
.gdkHenkanMode <- 65315
.gdkHenkan <- 65315
.gdkRomaji <- 65316
.gdkHiragana <- 65317
.gdkKatakana <- 65318
.gdkHiraganaKatakana <- 65319
.gdkZenkaku <- 65320
.gdkHankaku <- 65321
.gdkZenkakuHankaku <- 65322
.gdkTouroku <- 65323
.gdkMassyo <- 65324
.gdkKanaLock <- 65325
.gdkKanaShift <- 65326
.gdkEisuShift <- 65327
.gdkEisuToggle <- 65328
.gdkKanjiBangou <- 65335
.gdkZenKoho <- 65341
.gdkMaeKoho <- 65342
.gdkHome <- 65360
.gdkLeft <- 65361
.gdkUp <- 65362
.gdkRight <- 65363
.gdkDown <- 65364
.gdkPrior <- 65365
.gdkPageUp <- 65365
.gdkNext <- 65366
.gdkPageDown <- 65366
.gdkEnd <- 65367
.gdkBegin <- 65368
.gdkSelect <- 65376
.gdkPrint <- 65377
.gdkExecute <- 65378
.gdkInsert <- 65379
.gdkUndo <- 65381
.gdkRedo <- 65382
.gdkMenu <- 65383
.gdkFind <- 65384
.gdkCancel <- 65385
.gdkHelp <- 65386
.gdkBreak <- 65387
.gdkModeSwitch <- 65406
.gdkScriptSwitch <- 65406
.gdkNumLock <- 65407
.gdkKPSpace <- 65408
.gdkKPTab <- 65417
.gdkKPEnter <- 65421
.gdkKPF1 <- 65425
.gdkKPF2 <- 65426
.gdkKPF3 <- 65427
.gdkKPF4 <- 65428
.gdkKPHome <- 65429
.gdkKPLeft <- 65430
.gdkKPUp <- 65431
.gdkKPRight <- 65432
.gdkKPDown <- 65433
.gdkKPPrior <- 65434
.gdkKPPageUp <- 65434
.gdkKPNext <- 65435
.gdkKPPageDown <- 65435
.gdkKPEnd <- 65436
.gdkKPBegin <- 65437
.gdkKPInsert <- 65438
.gdkKPDelete <- 65439
.gdkKPEqual <- 65469
.gdkKPMultiply <- 65450
.gdkKPAdd <- 65451
.gdkKPSeparator <- 65452
.gdkKPSubtract <- 65453
.gdkKPDecimal <- 65454
.gdkKPDivide <- 65455
.gdkKP0 <- 65456
.gdkKP1 <- 65457
.gdkKP2 <- 65458
.gdkKP3 <- 65459
.gdkKP4 <- 65460
.gdkKP5 <- 65461
.gdkKP6 <- 65462
.gdkKP7 <- 65463
.gdkKP8 <- 65464
.gdkKP9 <- 65465
.gdkF1 <- 65470
.gdkF2 <- 65471
.gdkF3 <- 65472
.gdkF4 <- 65473
.gdkF5 <- 65474
.gdkF6 <- 65475
.gdkF7 <- 65476
.gdkF8 <- 65477
.gdkF9 <- 65478
.gdkF10 <- 65479
.gdkF11 <- 65480
.gdkL1 <- 65480
.gdkF12 <- 65481
.gdkL2 <- 65481
.gdkF13 <- 65482
.gdkL3 <- 65482
.gdkF14 <- 65483
.gdkL4 <- 65483
.gdkF15 <- 65484
.gdkL5 <- 65484
.gdkF16 <- 65485
.gdkL6 <- 65485
.gdkF17 <- 65486
.gdkL7 <- 65486
.gdkF18 <- 65487
.gdkL8 <- 65487
.gdkF19 <- 65488
.gdkL9 <- 65488
.gdkF20 <- 65489
.gdkL10 <- 65489
.gdkF21 <- 65490
.gdkR1 <- 65490
.gdkF22 <- 65491
.gdkR2 <- 65491
.gdkF23 <- 65492
.gdkR3 <- 65492
.gdkF24 <- 65493
.gdkR4 <- 65493
.gdkF25 <- 65494
.gdkR5 <- 65494
.gdkF26 <- 65495
.gdkR6 <- 65495
.gdkF27 <- 65496
.gdkR7 <- 65496
.gdkF28 <- 65497
.gdkR8 <- 65497
.gdkF29 <- 65498
.gdkR9 <- 65498
.gdkF30 <- 65499
.gdkR10 <- 65499
.gdkF31 <- 65500
.gdkR11 <- 65500
.gdkF32 <- 65501
.gdkR12 <- 65501
.gdkF33 <- 65502
.gdkR13 <- 65502
.gdkF34 <- 65503
.gdkR14 <- 65503
.gdkF35 <- 65504
.gdkR15 <- 65504
.gdkShiftL <- 65505
.gdkShiftR <- 65506
.gdkControlL <- 65507
.gdkControlR <- 65508
.gdkCapsLock <- 65509
.gdkShiftLock <- 65510
.gdkMetaL <- 65511
.gdkMetaR <- 65512
.gdkAltL <- 65513
.gdkAltR <- 65514
.gdkSuperL <- 65515
.gdkSuperR <- 65516
.gdkHyperL <- 65517
.gdkHyperR <- 65518
.gdkISOLock <- 65025
.gdkISOLevel2Latch <- 65026
.gdkISOLevel3Shift <- 65027
.gdkISOLevel3Latch <- 65028
.gdkISOLevel3Lock <- 65029
.gdkISOGroupShift <- 65406
.gdkISOGroupLatch <- 65030
.gdkISOGroupLock <- 65031
.gdkISONextGroup <- 65032
.gdkISONextGroupLock <- 65033
.gdkISOPrevGroup <- 65034
.gdkISOPrevGroupLock <- 65035
.gdkISOFirstGroup <- 65036
.gdkISOFirstGroupLock <- 65037
.gdkISOLastGroup <- 65038
.gdkISOLastGroupLock <- 65039
.gdkISOLeftTab <- 65056
.gdkISOMoveLineUp <- 65057
.gdkISOMoveLineDown <- 65058
.gdkISOPartialLineUp <- 65059
.gdkISOPartialLineDown <- 65060
.gdkISOPartialSpaceLeft <- 65061
.gdkISOPartialSpaceRight <- 65062
.gdkISOSetMarginLeft <- 65063
.gdkISOSetMarginRight <- 65064
.gdkISOReleaseMarginLeft <- 65065
.gdkISOReleaseMarginRight <- 65066
.gdkISOReleaseBothMargins <- 65067
.gdkISOFastCursorLeft <- 65068
.gdkISOFastCursorRight <- 65069
.gdkISOFastCursorUp <- 65070
.gdkISOFastCursorDown <- 65071
.gdkISOContinuousUnderline <- 65072
.gdkISODiscontinuousUnderline <- 65073
.gdkISOEmphasize <- 65074
.gdkISOCenterObject <- 65075
.gdkISOEnter <- 65076
.gdkDeadGrave <- 65104
.gdkDeadAcute <- 65105
.gdkDeadCircumflex <- 65106
.gdkDeadTilde <- 65107
.gdkDeadMacron <- 65108
.gdkDeadBreve <- 65109
.gdkDeadAbovedot <- 65110
.gdkDeadDiaeresis <- 65111
.gdkDeadAbovering <- 65112
.gdkDeadDoubleacute <- 65113
.gdkDeadCaron <- 65114
.gdkDeadCedilla <- 65115
.gdkDeadOgonek <- 65116
.gdkDeadIota <- 65117
.gdkDeadVoicedSound <- 65118
.gdkDeadSemivoicedSound <- 65119
.gdkDeadBelowdot <- 65120
.gdkDeadHook <- 65121
.gdkDeadHorn <- 65122
.gdkFirstVirtualScreen <- 65232
.gdkPrevVirtualScreen <- 65233
.gdkNextVirtualScreen <- 65234
.gdkLastVirtualScreen <- 65236
.gdkTerminateServer <- 65237
.gdkAccessXEnable <- 65136
.gdkAccessXFeedbackEnable <- 65137
.gdkRepeatKeysEnable <- 65138
.gdkSlowKeysEnable <- 65139
.gdkBounceKeysEnable <- 65140
.gdkStickyKeysEnable <- 65141
.gdkMouseKeysEnable <- 65142
.gdkMouseKeysAccelEnable <- 65143
.gdkOverlay1Enable <- 65144
.gdkOverlay2Enable <- 65145
.gdkAudibleBellEnable <- 65146
.gdkPointerLeft <- 65248
.gdkPointerRight <- 65249
.gdkPointerUp <- 65250
.gdkPointerDown <- 65251
.gdkPointerUpLeft <- 65252
.gdkPointerUpRight <- 65253
.gdkPointerDownLeft <- 65254
.gdkPointerDownRight <- 65255
.gdkPointerButtonDflt <- 65256
.gdkPointerButton1 <- 65257
.gdkPointerButton2 <- 65258
.gdkPointerButton3 <- 65259
.gdkPointerButton4 <- 65260
.gdkPointerButton5 <- 65261
.gdkPointerDblClickDflt <- 65262
.gdkPointerDblClick1 <- 65263
.gdkPointerDblClick2 <- 65264
.gdkPointerDblClick3 <- 65265
.gdkPointerDblClick4 <- 65266
.gdkPointerDblClick5 <- 65267
.gdkPointerDragDflt <- 65268
.gdkPointerDrag1 <- 65269
.gdkPointerDrag2 <- 65270
.gdkPointerDrag3 <- 65271
.gdkPointerDrag4 <- 65272
.gdkPointerDrag5 <- 65277
.gdkPointerEnableKeys <- 65273
.gdkPointerAccelerate <- 65274
.gdkPointerDfltBtnNext <- 65275
.gdkPointerDfltBtnPrev <- 65276
.gdk3270Duplicate <- 64769
.gdk3270FieldMark <- 64770
.gdk3270Right2 <- 64771
.gdk3270Left2 <- 64772
.gdk3270BackTab <- 64773
.gdk3270EraseEOF <- 64774
.gdk3270EraseInput <- 64775
.gdk3270Reset <- 64776
.gdk3270Quit <- 64777
.gdk3270PA1 <- 64778
.gdk3270PA2 <- 64779
.gdk3270PA3 <- 64780
.gdk3270Test <- 64781
.gdk3270Attn <- 64782
.gdk3270CursorBlink <- 64783
.gdk3270AltCursor <- 64784
.gdk3270KeyClick <- 64785
.gdk3270Jump <- 64786
.gdk3270Ident <- 64787
.gdk3270Rule <- 64788
.gdk3270Copy <- 64789
.gdk3270Play <- 64790
.gdk3270Setup <- 64791
.gdk3270Record <- 64792
.gdk3270ChangeScreen <- 64793
.gdk3270DeleteWord <- 64794
.gdk3270ExSelect <- 64795
.gdk3270CursorSelect <- 64796
.gdk3270PrintScreen <- 64797
.gdk3270Enter <- 64798
.gdkSpace <- 32
.gdkExclam <- 33
.gdkQuotedbl <- 34
.gdkNumbersign <- 35
.gdkDollar <- 36
.gdkPercent <- 37
.gdkAmpersand <- 38
.gdkApostrophe <- 39
.gdkQuoteright <- 39
.gdkParenleft <- 40
.gdkParenright <- 41
.gdkAsterisk <- 42
.gdkPlus <- 43
.gdkComma <- 44
.gdkMinus <- 45
.gdkPeriod <- 46
.gdkSlash <- 47
.gdk0 <- 48
.gdk1 <- 49
.gdk2 <- 50
.gdk3 <- 51
.gdk4 <- 52
.gdk5 <- 53
.gdk6 <- 54
.gdk7 <- 55
.gdk8 <- 56
.gdk9 <- 57
.gdkColon <- 58
.gdkSemicolon <- 59
.gdkLess <- 60
.gdkEqual <- 61
.gdkGreater <- 62
.gdkQuestion <- 63
.gdkAt <- 64
.gdkA <- 65
.gdkB <- 66
.gdkC <- 67
.gdkD <- 68
.gdkE <- 69
.gdkF <- 70
.gdkG <- 71
.gdkH <- 72
.gdkI <- 73
.gdkJ <- 74
.gdkK <- 75
.gdkL <- 76
.gdkM <- 77
.gdkN <- 78
.gdkO <- 79
.gdkP <- 80
.gdkQ <- 81
.gdkR <- 82
.gdkS <- 83
.gdkT <- 84
.gdkU <- 85
.gdkV <- 86
.gdkW <- 87
.gdkX <- 88
.gdkY <- 89
.gdkZ <- 90
.gdkBracketleft <- 91
.gdkBackslash <- 92
.gdkBracketright <- 93
.gdkAsciicircum <- 94
.gdkUnderscore <- 95
.gdkGrave <- 96
.gdkQuoteleft <- 96
.gdkA <- 97
.gdkB <- 98
.gdkC <- 99
.gdkD <- 100
